<?xml version="1.0"?>
<opencv_storage>
<calibration_Time>"Mon 02 May 2016 04:16:44 PM EEST"</calibration_Time>
<nrOfFrames>16</nrOfFrames>
<image_Width>318</image_Width>
<image_Height>198</image_Height>
<board_Width>7</board_Width>
<board_Height>5</board_Height>
<square_Size>29.</square_Size>
<FixAspectRatio>1.</FixAspectRatio>
<!-- flags:  +fix_aspectRatio +fix_principal_point +zero_tangent_dist -->
<flagValue>14</flagValue>
<Camera_Matrix type_id="opencv-matrix">
  <rows>3</rows>
  <cols>3</cols>
  <dt>d</dt>
  <data>
    2.2670574951278502e+02 0. 1.5850000000000000e+02 0.
    2.2670574951278502e+02 9.8500000000000000e+01 0. 0. 1.</data></Camera_Matrix>
<Distortion_Coefficients type_id="opencv-matrix">
  <rows>5</rows>
  <cols>1</cols>
  <dt>d</dt>
  <data>
    -4.2307168919551208e-01 2.1848297276009629e-01 0. 0.
    6.6129009252781340e-02</data></Distortion_Coefficients>
<Avg_Reprojection_Error>1.7111931407589518e+00</Avg_Reprojection_Error>
<Per_View_Reprojection_Errors type_id="opencv-matrix">
  <rows>16</rows>
  <cols>1</cols>
  <dt>f</dt>
  <data>
    1.58733815e-01 1.64655909e-01 2.76892591e+00 3.19353014e-01
    2.63663024e-01 3.47834826e-01 2.39342928e+00 3.84455299e+00
    7.96726406e-01 3.47042382e-01 1.98439747e-01 6.14946961e-01
    2.42789835e-01 1.79695517e-01 1.73383579e-01 4.12747145e+00</data></Per_View_Reprojection_Errors>
<!-- a set of 6-tuples (rotation vector + translation vector) for each view -->
<Extrinsic_Parameters type_id="opencv-matrix">
  <rows>16</rows>
  <cols>6</cols>
  <dt>d</dt>
  <data>
    -1.7011054078027843e-01 -1.3734905064226489e-02
    -4.7840856387853362e-02 -8.8109503834782345e+01
    -5.3948070213909034e+01 3.0614711099356487e+02
    -1.7414101626257505e-01 -5.3243618115047684e-03
    -4.8116305833813461e-02 -8.2739964248830546e+01
    -5.3280304168709549e+01 3.1003704534862231e+02
    4.4317706057841888e-01 -6.6637339835737289e-02
    -1.0716645599548935e-01 -9.0880631576026431e+01
    -2.5892503712841702e+01 3.6902598333744783e+02
    3.7353213271563118e-01 9.6549207019985539e-03
    -7.6751428424613646e-02 -5.6599093978644547e+01
    -6.5182619873999812e+01 2.4820781322553822e+02
    5.7146869314849261e-02 -1.8746657174609649e-01
    1.4571368968093867e+00 9.0020487082090824e+01
    -9.1737171288153334e+01 2.7364111939353370e+02
    2.0074927059201264e-01 -2.3195086355059530e-01
    6.1092164049526076e-01 -8.9487430716726468e+00
    -7.2404564874891591e+01 2.5898278425027695e+02
    -6.3262359728193454e-02 -5.5386582701469100e-01
    -1.2560135771496492e-01 -4.4249604141317668e+01
    -4.7805389517768731e+01 2.2371555130108246e+02
    -2.9067829133872142e-01 6.3361977872167730e-01
    -1.6100412156969698e-01 -1.4019021796461325e+02
    -4.2316752732647117e+01 3.8199332773551430e+02
    3.1595708094510913e-02 -5.9053429965314552e-01
    7.5911440535096308e-01 -1.5334065700903929e+01
    -9.3213540949962436e+01 3.1033930740257676e+02
    3.1288093736151421e-02 2.6953477151527233e-01
    -8.6787880082350299e-01 -1.4848767030396829e+02
    4.8250928025258446e+01 3.5479838696721828e+02
    -8.7653323150191587e-02 2.0038720019553588e-01
    -1.6218904518142319e-01 -3.1239057880924456e+01
    -4.2133077099267972e+01 2.7954775846519516e+02
    -6.5570908623456783e-02 1.5508055997431569e-01
    -1.5838750378988670e-01 -1.7804357928319334e+02
    -2.8408317999216116e+01 2.7477203896321947e+02
    -9.7073730922805718e-02 9.3127033015650756e-02
    3.8381146844756471e-02 -1.4810214042976506e+02
    -8.7990468229125099e+01 2.7379302975285196e+02
    -7.8787179959582287e-02 -5.9480669798223487e-02
    -1.3053488496214528e-02 -2.5597375338052132e+01
    -7.9940641186350405e+01 2.7570261346523642e+02
    -2.1464562146609378e-01 -1.1705617439696267e-03
    -1.3504010660050744e-01 -9.7447991339846411e+01
    -4.5760251144554502e+01 2.7699793365575835e+02
    -6.1550726770005448e-01 9.2987246594663314e-02
    -4.0306791119896698e-02 -3.2806115048036069e+01
    -1.0675231322129561e+02 3.6853843113450620e+02</data></Extrinsic_Parameters>
