<?xml version="1.0"?>
<opencv_storage>
<calibration_Time>"Tue 03 May 2016 01:57:51 PM EEST"</calibration_Time>
<nrOfFrames>8</nrOfFrames>
<image_Width>318</image_Width>
<image_Height>198</image_Height>
<board_Width>7</board_Width>
<board_Height>5</board_Height>
<square_Size>29.</square_Size>
<FixAspectRatio>1.</FixAspectRatio>
<!-- flags:  +fix_aspectRatio +fix_principal_point -->
<flagValue>6</flagValue>
<Camera_Matrix type_id="opencv-matrix">
  <rows>3</rows>
  <cols>3</cols>
  <dt>d</dt>
  <data>
    2.3963981201025257e+02 0. 1.5850000000000000e+02 0.
    2.3963981201025257e+02 9.8500000000000000e+01 0. 0. 1.</data></Camera_Matrix>
<Distortion_Coefficients type_id="opencv-matrix">
  <rows>5</rows>
  <cols>1</cols>
  <dt>d</dt>
  <data>
    -4.4871719054030801e-01 2.1616175972326804e-01
    2.3670638346353925e-03 6.6750298219590476e-03
    -5.9194293803755777e-03</data></Distortion_Coefficients>
<Avg_Reprojection_Error>3.4434203005421810e-01</Avg_Reprojection_Error>
<Per_View_Reprojection_Errors type_id="opencv-matrix">
  <rows>8</rows>
  <cols>1</cols>
  <dt>f</dt>
  <data>
    1.65975153e-01 2.91126192e-01 1.97020218e-01 8.07512641e-01
    2.10150629e-01 1.47856370e-01 2.27247834e-01 1.66461036e-01</data></Per_View_Reprojection_Errors>
<!-- a set of 6-tuples (rotation vector + translation vector) for each view -->
<Extrinsic_Parameters type_id="opencv-matrix">
  <rows>8</rows>
  <cols>6</cols>
  <dt>d</dt>
  <data>
    1.9739836901935959e-01 -9.8323333639405902e-02
    2.0089118123277808e-02 -8.3627325416712665e+01
    -5.5977518124581202e+01 2.2632267278784224e+02
    -4.0656567230764440e-01 -2.0015003792603869e-01
    1.9002261219443740e-02 -9.4185598645857951e+01
    -7.3161512998016704e+01 2.5115181167804042e+02
    -4.0073620830576057e-01 -9.2617845082144268e-02
    5.6077298379773391e-03 -6.7760889837086168e+01
    -8.1507456066734449e+01 2.5431985043363832e+02
    7.5520753096356175e-01 -1.4826230970604393e-01
    5.7924002357325047e-02 -7.6448273223882296e+01
    -3.4877250171551168e+01 2.0834573804540153e+02
    2.6385345634139638e-02 -1.1265312687917702e-01
    3.9846309037776681e-02 -1.9188022708035717e+02
    -8.5521712228612316e+01 2.7411197045016127e+02
    1.3289211783296484e-01 -1.9930986367351086e-01
    1.4528521791292318e-01 -7.7798504779570592e+01
    -8.2156507914782338e+01 2.4801558057863718e+02
    2.0573497908075361e-01 -5.3834865243275208e-02
    -1.5166102699514561e+00 -7.9916139920904996e+01
    8.6010888556252908e+01 3.0382365427312800e+02 3.2538347487388153e-02
    -2.0147203213987280e-01 1.5968814965882652e+00
    -3.4371242605291386e+01 -8.4051106039523134e+01
    2.6808601618350656e+02</data></Extrinsic_Parameters>
<Image_points type_id="opencv-matrix">
  <rows>8</rows>
  <cols>35</cols>
  <dt>"2f"</dt>
  <data>
    7.81378403e+01 4.43600082e+01 1.04401047e+02 4.32571297e+01
    1.32635101e+02 4.31132507e+01 1.61381546e+02 4.35920830e+01
    1.89872620e+02 4.50000992e+01 2.16285446e+02 4.66360397e+01
    2.40534622e+02 4.92018242e+01 7.72434845e+01 7.19785919e+01
    1.03781075e+02 7.16171036e+01 1.31777847e+02 7.16670914e+01
    1.60571030e+02 7.20310593e+01 1.88531479e+02 7.28610992e+01
    2.15098236e+02 7.39730148e+01 2.39215408e+02 7.52736588e+01
    7.78392868e+01 9.93976898e+01 1.03778419e+02 9.96737366e+01
    1.31475845e+02 9.99374771e+01 1.59514450e+02 1.00155075e+02
    1.87337372e+02 1.00606621e+02 2.13325333e+02 1.00879128e+02
    2.37593765e+02 1.01078110e+02 7.90635986e+01 1.25744118e+02
    1.04698059e+02 1.26657143e+02 1.31307327e+02 1.27026588e+02
    1.58777878e+02 1.27107071e+02 1.85673294e+02 1.26987602e+02
    2.11323044e+02 1.26536385e+02 2.34624008e+02 1.25910332e+02
    8.15545731e+01 1.49987457e+02 1.06044388e+02 1.51099915e+02
    1.32101013e+02 1.51905045e+02 1.58276932e+02 1.51900879e+02
    1.84208878e+02 1.51413284e+02 2.08645828e+02 1.50360275e+02
    2.31708694e+02 1.48879745e+02 7.75194397e+01 3.53160477e+01
    1.01406326e+02 3.58294792e+01 1.26190247e+02 3.72035446e+01
    1.50897018e+02 3.92487946e+01 1.75521271e+02 4.16962128e+01
    1.98602249e+02 4.45760384e+01 2.20203369e+02 4.81057320e+01
    7.30645599e+01 5.62342567e+01 9.81918335e+01 5.70156364e+01
    1.24445496e+02 5.84932556e+01 1.50904358e+02 6.03529739e+01
    1.76665848e+02 6.26016998e+01 2.01170975e+02 6.53361053e+01
    2.23591858e+02 6.80850525e+01 6.86896591e+01 7.97387161e+01
    9.51917725e+01 8.08323669e+01 1.22958817e+02 8.25855103e+01
    1.50834610e+02 8.44428635e+01 1.78393280e+02 8.61215210e+01
    2.03763596e+02 8.81469727e+01 2.27247162e+02 9.01640244e+01
    6.46637802e+01 1.05507286e+02 9.26061325e+01 1.06929916e+02
    1.21869331e+02 1.09030266e+02 1.51162979e+02 1.10952354e+02
    1.79726501e+02 1.12078819e+02 2.06432892e+02 1.13047485e+02
    2.30580093e+02 1.14131195e+02 6.17144279e+01 1.33832413e+02
    9.06152191e+01 1.36361313e+02 1.21026009e+02 1.38045837e+02
    1.51819916e+02 1.39239807e+02 1.81397934e+02 1.39921417e+02
    2.09105286e+02 1.39885132e+02 2.34149002e+02 1.39633972e+02
    9.96723557e+01 2.80543613e+01 1.24429001e+02 2.73479729e+01
    1.50016449e+02 2.77991066e+01 1.75229630e+02 2.87240181e+01
    1.99967300e+02 3.06799126e+01 2.23084976e+02 3.32987671e+01
    2.44280106e+02 3.63534431e+01 9.60606232e+01 4.80005112e+01
    1.22385468e+02 4.76394501e+01 1.49430817e+02 4.78601341e+01
    1.76653687e+02 4.90246277e+01 2.02684372e+02 5.06602364e+01
    2.27141815e+02 5.30828400e+01 2.49247849e+02 5.55428772e+01
    9.24158478e+01 7.09670563e+01 1.20360344e+02 7.10218353e+01
    1.49198227e+02 7.17610321e+01 1.78062637e+02 7.25033569e+01
    2.05738907e+02 7.40544739e+01 2.31246277e+02 7.54615097e+01
    2.54188400e+02 7.71650238e+01 8.90457993e+01 9.71394806e+01
    1.18612518e+02 9.76626587e+01 1.48977463e+02 9.84740524e+01
    1.79502167e+02 9.91182404e+01 2.08484375e+02 9.96572418e+01
    2.35086456e+02 1.00614960e+02 2.58510986e+02 1.01247627e+02
    8.66309738e+01 1.26108223e+02 1.17247612e+02 1.27433617e+02
    1.49211960e+02 1.28164841e+02 1.80915115e+02 1.28341202e+02
    2.10929596e+02 1.28297989e+02 2.38488281e+02 1.27743233e+02
    2.62658966e+02 1.27285446e+02 7.69826508e+01 6.14765663e+01
    1.06484673e+02 6.12626610e+01 1.37886719e+02 6.12782936e+01
    1.68651505e+02 6.15861778e+01 1.98374771e+02 6.27108002e+01
    2.25172653e+02 6.35012169e+01 2.49277222e+02 6.50615845e+01
    7.96923904e+01 8.49004745e+01 1.07458176e+02 8.49299545e+01
    1.36208191e+02 8.49345474e+01 1.65105896e+02 8.49166183e+01
    1.92389404e+02 8.50270309e+01 2.18101700e+02 8.52672653e+01
    2.41075974e+02 8.57419510e+01 8.30623703e+01 1.04974197e+02
    1.08431427e+02 1.05015991e+02 1.35148865e+02 1.05022469e+02
    1.61557205e+02 1.04954208e+02 1.87487244e+02 1.04906540e+02
    2.11469238e+02 1.04365402e+02 2.33728165e+02 1.04007637e+02
    8.57588501e+01 1.21907524e+02 1.09876213e+02 1.22241798e+02
    1.34280090e+02 1.22026558e+02 1.59133881e+02 1.21925598e+02
    1.82654846e+02 1.21750565e+02 2.05557861e+02 1.20795410e+02
    2.26190170e+02 1.20191368e+02 8.89588928e+01 1.36148376e+02
    1.11500931e+02 1.39438812e+02 1.33529633e+02 1.39272278e+02
    1.56395966e+02 1.37287003e+02 1.78042511e+02 1.38710358e+02
    1.99901031e+02 1.35366119e+02 2.18544769e+02 1.36726074e+02
    2.51678333e+01 3.92676773e+01 4.15108910e+01 3.76682663e+01
    5.93595963e+01 3.65431137e+01 7.84533615e+01 3.57483025e+01
    9.94547424e+01 3.54484825e+01 1.21165489e+02 3.57501640e+01
    1.43817673e+02 3.65204926e+01 2.30201092e+01 5.89563560e+01
    3.89619865e+01 5.81580658e+01 5.65149879e+01 5.74988937e+01
    7.61399307e+01 5.72487831e+01 9.69770432e+01 5.72964516e+01
    1.19430611e+02 5.77135048e+01 1.42306625e+02 5.85286369e+01
    2.11627007e+01 7.92431488e+01 3.67961426e+01 7.92325668e+01
    5.47246056e+01 7.92575836e+01 7.43881378e+01 7.96136398e+01
    9.55687866e+01 7.99725418e+01 1.17965324e+02 8.07485657e+01
    1.40978134e+02 8.16047516e+01 2.04101677e+01 9.99151993e+01
